900 800
248820
297609
293373
137388
432348
184753
316181
406326
67835
114420
380734
194572
248420
385010
195620
269082
295539
422032
257230
91738
117888
445841
257084
100636
144359
143485
300283
196056
99464
251382
166018
374565
133070
325496
69912
375751
238353
203980
59682
257507
423176
121142
243224
344395
166121
449605
167589
216501
165907
449212
382147
214569
306321
317362
402627
184177
380819
138398
232318
362894
175925
237325
122552
190723
364870
333660
212803
396166
216080
79830
104113
286689
331998
319312
220259
429502
225973
236157
315165
289865
421261
197317
372629
174219
89942
164168
397547
180993
358813
435410
215033
416345
69173
143967
78637
195191
339183
279442
64957
65441
321692
423673
272134
361238
215283
228213
422345
71686
328086
173749
52226
426779
315836
132558
127905
95862
285602
231484
327033
194543
343521
359991
156724
380123
185416
364328
224199
354911
304107
99300
146960
298997
250826
66624
279588
427639
312592
211910
223298
212458
67709
68912
283343
81294
168917
402500
120491
304847
59639
446652
368074
336267
331072
254079
109767
243783
137585
123073
194756
154166
397322
226739
367917
126298
100347
294012
322650
96191
236782
318719
195143
168013
348957
235568
405125
225229
54661
142432
313827
409563
232110
91287
245534
208640
393876
139990
344406
217085
430401
441987
425909
246562
201137
171329
222351
71882
360812
331895
354176
234111
132410
100852
239610
436450
72390
148615
102580
141787
186740
129527
328892
51409
266061
231547
166879
143160
218932
264775
156314
93314
404980
368507
171399
221201
165938
257700
188877
111400
357373
310021
243521
346389
290673
65392
447696
421326
106030
242041
80219
156181
143727
299529
334717
422741
50611
354014
129820
190362
161518
438926
379979
66758
263176
114440
62891
54729
344479
132857
322193
344401
184134
214711
277828
411956
226592
187652
103560
408474
104203
249927
268540
448693
378670
201716
373588
142257
119394
82952
335851
353261
320561
63483
115212
434797
103900
375228
183229
447659
374302
207110
418123
268085
188614
218916
340971
422606
57359
408276
436499
358345
361417
216334
90355
347624
234102
379311
285706
341424
81496
211754
80202
404628
305005
431669
338952
340821
278633
167918
369587
91696
144044
111739
123531
256637
219442
380030
186147
445355
288905
159664
169722
251853
66925
354490
89205
283858
111038
372314
295128
395191
274687
162617
271579
382456
256742
278545
161374
266157
304908
151061
119881
99528
337707
357823
238230
265976
428765
123368
364026
365628
231462
328822
54026
284379
340286
80361
444676
222322
114532
435114
440246
319101
342193
312219
314890
357911
175111
147638
171027
71371
155220
244644
50963
394187
184098
90778
104043
426823
342875
148816
191207
190336
71584
327865
432191
350726
195897
82552
387510
358307
430921
420001
164196
249613
158277
435786
312345
201074
320418
405885
416906
165256
310242
277009
248111
263483
239913
202032
57786
283776
151332
73097
86104
280154
168540
305275
436798
343400
120374
410118
429397
139601
271758
356082
188301
258654
106690
288078
169036
266260
315400
391576
72181
432081
324580
197555
430215
179844
399543
387862
385307
380020
51984
127327
119659
58966
364336
72003
127518
104646
331797
159829
269760
204418
89440
231023
95664
307879
346676
99680
72695
253449
405816
169267
228473
219295
386456
140656
167992
440431
300255
186190
115530
75520
360012
90389
297655
419970
197995
401291
137764
372158
282948
384136
109403
80429
80611
57512
335765
63460
205717
124640
189363
248452
118728
101119
338903
280190
336032
408844
435714
229798
151205
365988
250930
347407
362335
396458
230259
128704
119328
93115
179733
140770
235418
246809
272114
239106
274275
348453
401810
440884
68624
190837
81072
301592
198848
113069
319673
438426
195484
245455
423788
121010
374576
334213
164477
76058
179321
337679
445610
394299
194812
319899
60533
430700
53320
407946
332965
409397
304135
440974
358666
63093
243990
446021
204016
57761
99958
141656
189852
111108
117481
435580
149748
179323
386001
56456
237491
344555
131944
399769
101498
372237
189348
84025
165137
308261
107048
99897
161169
215124
198525
396307
282933
305163
332582
131505
373467
449053
323947
218428
373946
402343
239490
77976
192962
284064
277099
57338
102376
223787
322903
146399
126213
428410
333112
287762
167609
121525
108020
91961
132507
187667
243123
158801
423457
352699
196427
213529
57750
122219
84045
62496
73266
183332
252909
213886
206433
204324
203355
404518
275320
440841
382882
357451
144722
169604
126159
441604
126483
415726
320007
226518
102256
436748
299543
207414
425851
161700
362789
182778
428636
450466
404929
266245
249689
363330
73156
178813
351654
147754
244873
322584
199068
341929
135688
361258
347127
256257
359899
389065
143820
206240
139194
348576
397210
321265
269234
208524
183679
262578
213137
375610
144840
293166
430429
368997
253301
350267
421845
374652
427373
441415
278029
208984
201722
434529
238456
60023
295340
88758
270672
310774
438300
275113
281732
306653
347631
105713
339412
159394
218330
63905
126176
415341
246822
181011
174745
120892
55561
162232
197749
412358
138695
274279
190303
407670
130114
102621
395862
232656
326354
254186
103460
75703
373203
388922
400071
146546
80553
264727
389480
91484
184544
210682
257178
278344
286968
139930
265125
290632
339171
243180
122973
166746
158599
432203
216871
179255
321280
158680
146678
326188
221000
435122
202579
333305
363928
265451
238915
191014
443407
396309
361242
66260
140665
164932
316358
167224
276823
227965
276997
225847
117220
172631
171981
95787
350843
308655
383459
80054
108434
176400
420057
405425
179132
88032
190057
338202
393787
350754
274760
354215
152882
387450
93907
84861
446515
52024
407400
74227
392689
309113
265338
50207
224641
103445
186204
99966
138041
336239
223836
265319
112979
230081
283865
104833
287160
375885
268337
183324
61513
158323
249941
144531
247669
380718
342677
339800
57129
288989
180981
357159
110825
160402
199977
140798
290830
287620
275652
388782
247646
226045
102239
160644
250266
246127
154615
255472
192381
357164
378269
371018
112648
347978
198036
306927
174286
177047
341831
155504
67432
310302
287825
186367
64247
186455
342446
284092
212794
279719
109185
225874
190602
447272
93287
113292
319965
154007
202324
289781
285360
81342
439833
321724
162636
301795
350440
133929
325955
122255
351057
371907
55404
72985
160383
238629
410669
428279
433424
396769
408135
61487
251890
320072
348014
75362
354428
218662
376276
293026
250665
302837
65248
329585
160027
211740
364717
241015
279596
360248
75271
237852
283009
244904
375384
116962
346019
192224
383389
252831
433482
302547
75097
417054
163636
192907
199645
177191
392232
72804
308574
416787
86284
170804
217923
301636
217637
204446
371379
389457
250167
284697
242976
63850
83284
200858
113716
259130
241902
158444
174384
386238
137919
438415
417743
384363
424119
175616
240955
123346
205588
77516
103274
265197
360474
430858
172721
434273
365009
270117
255462
122609
359701
251897
360847
138011
263837
139717
208636
96235
441156
162401
193490
213142
394972
332309
356910
433413
301660
194680
181488
269933
270971
385463
207691
190002
149999
449678
185163
227334
418922
381133
323499
95204
355845
67283
132780
159972
356325
400027
314534
302718
443198
222319
72053
411919
108869
200464
323110
165409
423016
405007
284461
286847
205792
252239
350426
191916
450529
363542
353345
230020
434077
72150
85294
293549
303103
284049
391771
418118
390952
102990
198562
248971
288688
413589
78346
445823
148977
387110
393732
311287
286146
202083
309442
389379
421842
57332
177769
417535
436121
209410
162430
200138
223153
363833
278787
57158
349979
448356
149027
325033
255021
386569
121891
252112
267971
224059
167564
354720
175626
128493
232683
313612
322599
203281
434815
379242
424700
85758
328852
443864
427628
258024
183347
318380
442571
189589
302809
164743
359582
252614
406545
123519
443979
306405
101140
291374
143355
241207
114272
444407
137843
206228
255963
372603
67916
235521
389694
409707
339111
433997
99036
311624
121746
267662
273505
55786
87039
433504
401290
309745
206032
430956
86618
441539
131350
126367
191237
300601
256286
150232
369824
200463
252351
227742
142050
444437
134878
121364
441510
208636
66196
396803
270459
445040
411495
263634
312760
420587
206304
196440
98401
236005
243990
109657
338614
338729
331126
191237
410474
431455
318139
236874
102287
101287
204742
53615
91385
229987
361026
286473
446556
141051
184638
264837
124062
89541
333946
353949
327381
101909
337205
172840
368646
102086
199003
358025
72203
118364
345394
435907
447668
54233
87894
216768
389942
52080
296715
55880
292638
278338
221253
113685
369984
82614
75904
157947
286946
168945
430156
333373
363978
376844
60573
443643
78883
239396
354739
412701
285054
218394
377198
157298
257717
239860
385859
360555
320676
222918
211093
148676
116801
400445
432095
286928
256181
247661
84567
143949
77820
97543
249466
228630
204462
97844
443945
152372
223764
275412
221884
101848
330351
70534
175220
154585
301805
244719
397563
94383
432661
108668
408319
174445
253563
286222
446172
387836
343373
266699
68465
240003
436992
129290
66683
214188
220314
100185
201386
308788
262887
240406
268251
281651
129158
290256
383735
228328
381817
221094
63030
138493
282016
168083
198894
114349
66049
391022
106300
352903
59071
84766
56554
261597
108745
395834
217292
69211
418524
390082
332373
90499
100993
337720
429810
119434
118318
117069
141161
318990
172825
112442
166070
254436
164902
232129
365420
245707
242181
81875
260379
413388
295864
353453
349973
175282
281761
350841
172260
183063
188664
289763
448117
193205
421530
215668
112242
285908
256689
107739
291808
173497
151589
438904
275240
361115
147683
93915
297849
315180
148730
195167
89352
360656
78696
333703
354991
77606
215458
264513
179763
286082
89742
105609
282805
93057
251651
275538
70906
396941
100952
207828
206997
416515
267686
242147
270038
193282
364238
267331
213776
422964
120515
278717
98107
336424
302796
116763
433593
175478
430005
411723
201651
271755
193359
277158
248994
208548
128105
93396
145055
312927
100698
361692
66938
136970
377768
149111
413141
179807
270444
386141
344530
114363
316158
90992
301870
187060
133054
328287
377037
309188
179627
188451
124241
199595
137383
435105
229249
262393
344244
357206
111430
55210
329124
368751
351675
316038
312678
351542
397219
323155
106601
361632
204201
309957
339442
165096
269540
283862
371963
345991
374213
373287
55446
358287
252698
330050
397932
413394
256770
61943
200403
393535
375696
269470
359566
214037
437292
90244
243382
51564
277685
319396
414593
207884
296523
152865
203448
302463
258617
279691
324904
194492
200520
266346
371887
107826
289494
297668
410124
156715
442295
56433
409403
79238
319124
447451
126957
413431
207990
234509
386223
368544
181414
200955
194151
278331
183553
167331
342608
163917
59883
281279
431724
263299
374909
231495
183421
250595
210785
93296
419088
431267
79136
223879
340434
123036
93589
440779
118894
233358
233000
70869
90179
108413
346629
380101
184061
54846
235283
57468
134369
80951
180311
65537
100601
170988
380410
146884
150869
354591
347283
364544
407083
168078
145087
194940
389280
226911
441831
163517
146054
345473
262654
102490
350324
418905
295989
67124
246613
147902
381372
273746
80658
135021
366502
100733
426564
267842
410672
347110
408470
102212
204503
264753
276248
355537
433232
385619
279249
155351
77321
397213
78439
391251
76667
344812
235552
423127
193842
447967
348312
443014
77019
356293
253103
97245
108689
220782
187518
183862
382738
153083
130222
242527
176125
313593
410906
219570
268290
406449
115915
286247
149415
433032
314879
62911
352884
74030
339984
423921
185928
116895
66952
288967
348530
371213
268850
167026
114739
135689
209354
121209
432565
415951
348999
212105
