900 800
248
297
293
137
432
184
316
406
67
114
380
194
248
385
195
269
295
422
257
91
117
445
257
100
144
143
300
196
99
251
166
374
133
325
69
375
238
203
59
257
423
121
243
344
166
449
167
216
165
449
382
214
306
317
402
184
380
138
232
362
175
237
122
190
364
333
212
396
216
79
104
286
331
319
220
429
225
236
315
289
421
197
372
174
89
164
397
180
358
435
215
416
69
143
78
195
339
279
64
65
321
423
272
361
215
228
422
71
328
173
52
426
315
132
127
95
285
231
327
194
343
359
156
380
185
364
224
354
304
99
146
298
250
66
279
427
312
211
223
212
67
68
283
81
168
402
120
304
59
446
368
336
331
254
109
243
137
123
194
154
397
226
367
126
100
294
322
96
236
318
195
168
348
235
405
225
54
142
313
409
232
91
245
208
393
139
344
217
430
441
425
246
201
171
222
71
360
331
354
234
132
100
239
436
72
148
102
141
186
129
328
51
266
231
166
143
218
264
156
93
404
368
171
221
165
257
188
111
357
310
243
346
290
65
447
421
106
242
80
156
143
299
334
422
50
354
129
190
161
438
379
66
263
114
62
54
344
132
322
344
184
214
277
411
226
187
103
408
104
249
268
448
378
201
373
142
119
82
335
353
320
63
115
434
103
375
183
447
374
207
418
268
188
218
340
422
57
408
436
358
361
216
90
347
234
379
285
341
81
211
80
404
305
431
338
340
278
167
369
91
144
111
123
256
219
380
186
445
288
159
169
251
66
354
89
283
111
372
295
395
274
162
271
382
256
278
161
266
304
151
119
99
337
357
238
265
428
123
364
365
231
328
54
284
340
80
444
222
114
435
440
319
342
312
314
357
175
147
171
71
155
244
50
394
184
90
104
426
342
148
191
190
71
327
432
350
195
82
387
358
430
420
164
249
158
435
312
201
320
405
416
165
310
277
248
263
239
202
57
283
151
73
86
280
168
305
436
343
120
410
429
139
271
356
188
258
106
288
169
266
315
391
72
432
324
197
430
179
399
387
385
380
51
127
119
58
364
72
127
104
331
159
269
204
89
231
95
307
346
99
72
253
405
169
228
219
386
140
167
440
300
186
115
75
360
90
297
419
197
401
137
372
282
384
109
80
80
57
335
63
205
124
189
248
118
101
338
280
336
408
435
229
151
365
250
347
362
396
230
128
119
93
179
140
235
246
272
239
274
348
401
440
68
190
81
301
198
113
319
438
195
245
423
121
374
334
164
76
179
337
445
394
194
319
60
430
53
407
332
409
304
440
358
63
243
446
204
57
99
141
189
111
117
435
149
179
386
56
237
344
131
399
101
372
189
84
165
308
107
99
161
215
198
396
282
305
332
131
373
449
323
218
373
402
239
77
192
284
277
57
102
223
322
146
126
428
333
287
167
121
108
91
132
187
243
158
423
352
196
213
57
122
84
62
73
183
252
213
206
204
203
404
275
440
382
357
144
169
126
441
126
415
320
226
102
436
299
207
425
161
362
182
428
450
404
266
249
363
73
178
351
147
244
322
199
341
135
361
347
256
359
389
143
206
139
348
397
321
269
208
183
262
213
375
144
293
430
368
253
350
421
374
427
441
278
208
201
434
238
60
295
88
270
310
438
275
281
306
347
105
339
159
218
63
126
415
246
181
174
120
55
162
197
412
138
274
190
407
130
102
395
232
326
254
103
75
373
388
400
146
80
264
389
91
184
210
257
278
286
139
265
290
339
243
122
166
158
432
216
179
321
158
146
326
221
435
202
333
363
265
238
191
443
396
361
66
140
164
316
167
276
227
276
225
117
172
171
95
350
308
383
80
108
176
420
405
179
88
190
338
393
350
274
354
152
387
93
84
446
52
407
74
392
309
265
50
224
103
186
99
138
336
223
265
112
230
283
104
287
375
268
183
61
158
249
144
247
380
342
339
57
288
180
357
110
160
199
140
290
287
275
388
247
226
102
160
250
246
154
255
192
357
378
371
112
347
198
306
174
177
341
155
67
310
287
186
64
186
342
284
212
279
109
225
190
447
93
113
319
154
202
289
285
81
439
321
162
301
350
133
325
122
351
371
55
72
160
238
410
428
433
396
408
61
251
320
348
75
354
218
376
293
250
302
65
329
160
211
364
241
279
360
75
237
283
244
375
116
346
192
383
252
433
302
75
417
163
192
199
177
392
72
308
416
86
170
217
301
217
204
371
389
250
284
242
63
83
200
113
259
241
158
174
386
137
438
417
384
424
175
240
123
205
77
103
265
360
430
172
434
365
270
255
122
359
251
360
138
263
139
208
96
441
162
193
213
394
332
356
433
301
194
181
269
270
385
207
190
149
449
185
227
418
381
323
95
355
67
132
159
356
400
314
302
443
222
72
411
108
200
323
165
423
405
284
286
205
252
350
191
450
363
353
230
434
72
85
293
303
284
391
418
390
102
198
248
288
413
78
445
148
387
393
311
286
202
309
389
421
57
177
417
436
209
162
200
223
363
278
57
349
448
149
325
255
386
121
252
267
224
167
354
175
128
232
313
322
203
434
379
424
85
328
443
427
258
183
318
442
189
302
164
359
252
406
123
443
306
101
291
143
241
114
444
137
206
255
372
67
235
389
409
339
433
99
311
121
267
273
55
87
433
401
309
206
430
86
441
131
126
191
300
256
150
369
200
252
227
142
444
134
121
441
208
66
396
270
445
411
263
312
420
206
196
98
236
243
109
338
338
331
191
410
431
318
236
102
101
204
53
91
229
361
286
446
141
184
264
124
89
333
353
327
101
337
172
368
102
199
358
72
118
345
435
447
54
87
216
389
52
296
55
292
278
221
113
369
82
75
157
286
168
430
333
363
376
60
443
78
239
354
412
285
218
377
157
257
239
385
360
320
222
211
148
116
400
432
286
256
247
84
143
77
97
249
228
204
97
443
152
223
275
221
101
330
70
175
154
301
244
397
94
432
108
408
174
253
286
446
387
343
266
68
240
436
129
66
214
220
100
201
308
262
240
268
281
129
290
383
228
381
221
63
138
282
168
198
114
66
391
106
352
59
84
56
261
108
395
217
69
418
390
332
90
100
337
429
119
118
117
141
318
172
112
166
254
164
232
365
245
242
81
260
413
295
353
349
175
281
350
172
183
188
289
448
193
421
215
112
285
256
107
291
173
151
438
275
361
147
93
297
315
148
195
89
360
78
333
354
77
215
264
179
286
89
105
282
93
251
275
70
396
100
207
206
416
267
242
270
193
364
267
213
422
120
278
98
336
302
116
433
175
430
411
201
271
193
277
248
208
128
93
145
312
100
361
66
136
377
149
413
179
270
386
344
114
316
90
301
187
133
328
377
309
179
188
124
199
137
435
229
262
344
357
111
55
329
368
351
316
312
351
397
323
106
361
204
309
339
165
269
283
371
345
374
373
55
358
252
330
397
413
256
61
200
393
375
269
359
214
437
90
243
51
277
319
414
207
296
152
203
302
258
279
324
194
200
266
371
107
289
297
410
156
442
56
409
79
319
447
126
413
207
234
386
368
181
200
194
278
183
167
342
163
59
281
431
263
374
231
183
250
210
93
419
431
79
223
340
123
93
440
118
233
233
70
90
108
346
380
184
54
235
57
134
80
180
65
100
170
380
146
150
354
347
364
407
168
145
194
389
226
441
163
146
345
262
102
350
418
295
67
246
147
381
273
80
135
366
100
426
267
410
347
408
102
204
264
276
355
433
385
279
155
77
397
78
391
76
344
235
423
193
447
348
443
77
356
253
97
108
220
187
183
382
153
130
242
176
313
410
219
268
406
115
286
149
433
314
62
352
74
339
423
185
116
66
288
348
371
268
167
114
135
209
121
432
415
348
212